   2.4381620e+02   5.0961384e+00   1.0783974e-01
   2.6446201e+02   5.2093732e+00   9.5467693e-02
   2.9144588e+02   4.7882409e+00   9.6211522e-02
   3.1839899e+02   4.1479453e+00   9.6424499e-02
   3.4520719e+02   3.5085766e+00   9.7330794e-02
   3.7175401e+02   3.8257036e+00   9.7347631e-02
   3.9810882e+02   2.5513521e+00   1.0236135e-01
   4.2468346e+02  -8.4721487e+00   1.1888170e-01
   4.5065378e+02  -3.2578253e+01   1.1943210e-01
   4.7535362e+02  -5.5538815e+01   1.0729386e-01
   5.0030718e+02  -4.0179862e+01   1.6629573e-01
   5.2482479e+02  -6.0752286e+00   1.2043740e-01
   5.4977769e+02   1.1077679e+01   1.0229131e-01
   5.7454236e+02   1.2562646e+01   1.0936930e-01
   5.9901295e+02   6.4633517e+00   1.1549938e-01
   6.2440400e+02  -7.5225707e+00   1.4336663e-01
   6.5048381e+02  -4.8464421e+01   2.6290319e-01
   6.7721935e+02  -1.3881959e+02   2.5301537e-01
   7.0361039e+02  -2.0093359e+02   1.4407137e-01
   7.2853587e+02  -1.6845628e+02   3.4033207e-01
   7.5260023e+02  -8.5058734e+01   2.6909216e-01
   7.7654869e+02  -2.0407388e+01   1.4113036e-01
   8.0105767e+02   9.0063409e+00   1.0497948e-01
   8.2666123e+02   1.9079249e+01   1.0053969e-01
   8.5377791e+02   2.2318915e+01   9.7915044e-02
   8.7979832e+02   2.6985530e+01   1.0000556e-01
   9.0579703e+02   2.8860562e+01   1.0180614e-01
   9.3012294e+02   2.9860720e+01   1.0227051e-01
   9.5541604e+02   2.8178471e+01   1.0105026e-01
   9.8106211e+02   2.8558873e+01   9.9850316e-02
   1.0073859e+03   2.8888268e+01   9.8370004e-02
   1.0338614e+03   2.8280835e+01   9.8632137e-02
   1.0529651e+03   1.9407553e+01   1.3559142e-01
