   2.1868273e+02   4.2250355e+02   6.0129535e+01   9.6449119e-02
   2.3173890e+02   4.2583663e+02   7.3094180e+01   1.3142215e-01
   2.4753057e+02   4.4261097e+02   8.1287688e+01   1.1954041e-01
   2.7081563e+02   4.6097377e+02   8.6043899e+01   1.0712628e-01
   2.9521433e+02   4.7733813e+02   9.0521932e+01   9.9978499e-02
   3.2030440e+02   4.9489583e+02   9.6982749e+01   9.7985996e-02
   3.4562057e+02   5.1178100e+02   1.0366680e+02   9.9172938e-02
   3.7216520e+02   5.2885317e+02   1.0837135e+02   9.9437692e-02
   3.9935837e+02   5.4773997e+02   1.1412537e+02   9.4140548e-02
   4.2679930e+02   5.6726930e+02   1.1538077e+02   1.1270431e-01
   4.5445100e+02   5.8659570e+02   1.1312297e+02   1.2782911e-01
   4.8144773e+02   6.0577407e+02   1.0977178e+02   1.0746662e-01
   5.0811953e+02   6.2440357e+02   1.0007715e+02   1.5326072e-01
   5.3499017e+02   6.4314800e+02   5.3849990e+01   3.2477759e-01
   5.6192200e+02   6.6239400e+02  -7.7274768e+01   4.3871859e-01
   5.8908983e+02   6.8136283e+02  -2.0366951e+02   1.3713487e-01
   6.1601110e+02   7.0039113e+02  -2.0981724e+02   2.5969254e-01
   6.4339083e+02   7.1982583e+02  -1.5251518e+02   2.6318591e-01
   6.7082490e+02   7.3940013e+02  -9.7420455e+01   1.3142203e-01
   6.9832490e+02   7.5857437e+02  -7.0823208e+01   1.1172651e-01
   7.2512807e+02   7.7780357e+02  -5.5612852e+01   1.1864174e-01
   7.5143220e+02   7.9619640e+02  -3.0658728e+01   1.1783575e-01
   7.7772607e+02   8.1454077e+02  -1.0415648e+01   9.8142206e-02
   8.0399897e+02   8.3322897e+02  -1.6993870e+01   1.0699201e-01
   8.3062763e+02   8.5168987e+02  -2.5482362e+01   1.1388702e-01
   8.5689580e+02   8.7049650e+02  -1.7770686e+01   1.0759360e-01
   8.8394915e+02   8.8951140e+02  -1.6670269e+00   1.1768434e-01
   9.1085713e+02   9.0881757e+02   1.6001131e+01   1.1632515e-01
   9.3737724e+02   9.2725011e+02   3.3822322e+01   1.0103811e-01
   9.6420980e+02   9.4560741e+02   4.7352751e+01   9.8369289e-02
   9.9105287e+02   9.6450399e+02   5.6304646e+01   9.6127557e-02
   1.0180672e+03   9.8328405e+02   6.2498020e+01   9.5294218e-02
   1.0364494e+03   9.9625009e+02   6.5145802e+01   1.1607972e-01
   7.5072820e+02   6.4693897e+02  -3.1113410e+01   1.2108224e-01
   7.2533691e+02   6.2866523e+02  -6.2083976e+01   2.2435759e-01
   6.9889208e+02   6.1050813e+02  -1.2725078e+02   1.4313109e-01
   6.7437065e+02   5.9237680e+02  -1.5496723e+02   1.8282116e-01
   6.4851231e+02   5.7545031e+02  -1.0501022e+02   2.7568720e-01
   6.2420200e+02   5.5698382e+02  -5.0889430e+01   1.3776576e-01
   5.9792900e+02   5.3941316e+02  -1.7788935e+01   1.3695083e-01
   5.7225942e+02   5.2142862e+02   1.8087961e+01   1.1446638e-01
   5.4671391e+02   5.0337835e+02   4.6653590e+01   1.2188011e-01
   5.2193667e+02   4.8526697e+02   7.0476854e+01   9.8858106e-02
   4.9608597e+02   4.6738375e+02   7.2583546e+01   1.1976891e-01
   4.6941287e+02   4.4896633e+02   5.7691535e+01   1.1570561e-01
   4.4288587e+02   4.3090957e+02   4.0906184e+01   1.0473234e-01
   4.1671362e+02   4.1181547e+02   2.7635703e+01   1.0013037e-01
   3.8964309e+02   3.9332417e+02   2.2065292e+01   9.5558484e-02
   3.6352599e+02   3.7465785e+02   1.7196996e+01   9.8473402e-02
   3.3665382e+02   3.5576897e+02   1.4700674e+01   9.6157649e-02
   3.1062240e+02   3.3766135e+02   1.2861154e+01   9.6386449e-02
   2.9518227e+02   3.2692450e+02   3.6880528e+01   2.2560997e-01
   3.5448736e+02   2.2960791e+02   6.2684911e+01   1.0266794e-01
   3.7112777e+02   2.3386431e+02   6.4035200e+01   1.1850698e-01
   3.8989513e+02   2.5827341e+02   7.5837153e+01   9.6800435e-02
   4.1662177e+02   2.7723291e+02   7.5604343e+01   1.0158254e-01
   4.4363099e+02   2.9657279e+02   6.6509075e+01   1.1211530e-01
   4.7101945e+02   3.1564412e+02   5.0938089e+01   1.1460573e-01
   4.9840748e+02   3.3481913e+02   2.8708831e+01   1.2806510e-01
   5.2563989e+02   3.5380001e+02   5.5250869e-01   1.0690455e-01
   5.5172041e+02   3.7214952e+02  -9.4349582e+00   1.0823580e-01
   5.7796167e+02   3.9042414e+02  -1.3933435e-01   9.8373661e-02
   6.0462511e+02   4.0925935e+02  -9.0445123e+00   1.1059822e-01
   6.3201617e+02   4.2821573e+02  -1.5275688e+01   9.4887660e-02
   6.5942398e+02   4.4762643e+02  -1.6744914e+01   9.9621993e-02
   6.8689133e+02   4.6674128e+02  -3.1783825e+01   9.6940280e-02
   7.1424682e+02   4.8590459e+02  -3.9939722e+01   1.1375922e-01
   7.4124579e+02   5.0505830e+02  -2.3075967e+01   1.4549597e-01
   7.6723362e+02   5.2347542e+02   7.8647896e+00   1.5007386e-01
   7.9291351e+02   5.4154300e+02   3.8781019e+01   1.2524092e-01
   8.1911341e+02   5.5986973e+02   5.9462217e+01   9.7444857e-02
   8.4596941e+02   5.7869791e+02   6.6061756e+01   9.8180296e-02
   8.7326497e+02   5.9760616e+02   7.1037716e+01   1.0159968e-01
   9.0042527e+02   6.1664145e+02   6.6130853e+01   9.9266817e-02
   9.2724409e+02   6.3529730e+02   6.0945490e+01   9.9462418e-02
   9.5294816e+02   6.5305754e+02   5.5245474e+01   1.0222499e-01
   9.7788182e+02   6.7096983e+02   5.3075964e+01   9.9015284e-02
   1.0036653e+03   6.8912543e+02   5.2928314e+01   9.7172112e-02
   1.0302199e+03   7.0760725e+02   5.2410387e+01   9.4607607e-02
   1.0574695e+03   7.2659565e+02   5.3571084e+01   9.4342321e-02
   1.0847377e+03   7.4573385e+02   5.5787956e+01   9.4367967e-02
   1.1121672e+03   7.6450441e+02   5.7591956e+01   9.5115745e-02
   1.1391783e+03   7.8360979e+02   6.0598356e+01   9.4770565e-02
   1.1627847e+03   8.0008910e+02   6.1846072e+01   9.8552504e-02
   1.0358082e+03   2.4381620e+02   5.0961384e+00   1.0783974e-01
   1.0212857e+03   2.6446201e+02   5.2093732e+00   9.5467693e-02
   1.0025106e+03   2.9144588e+02   4.7882409e+00   9.6211522e-02
   9.8363552e+02   3.1839899e+02   4.1479453e+00   9.6424499e-02
   9.6485637e+02   3.4520719e+02   3.5085766e+00   9.7330794e-02
   9.4633852e+02   3.7175401e+02   3.8257036e+00   9.7347631e-02
   9.2785926e+02   3.9810882e+02   2.5513521e+00   1.0236135e-01
   9.0923322e+02   4.2468346e+02  -8.4721487e+00   1.1888170e-01
   8.9109048e+02   4.5065378e+02  -3.2578253e+01   1.1943210e-01
   8.7366349e+02   4.7535362e+02  -5.5538815e+01   1.0729386e-01
   8.5616498e+02   5.0030718e+02  -4.0179862e+01   1.6629573e-01
   8.3894747e+02   5.2482479e+02  -6.0752286e+00   1.2043740e-01
   8.2158552e+02   5.4977769e+02   1.1077679e+01   1.0229131e-01
   8.0449261e+02   5.7454236e+02   1.2562646e+01   1.0936930e-01
   7.8734761e+02   5.9901295e+02   6.4633517e+00   1.1549938e-01
   7.6976235e+02   6.2440400e+02  -7.5225707e+00   1.4336663e-01
   7.5151059e+02   6.5048381e+02  -4.8464421e+01   2.6290319e-01
   7.3285381e+02   6.7721935e+02  -1.3881959e+02   2.5301537e-01
   7.1449658e+02   7.0361039e+02  -2.0093359e+02   1.4407137e-01
   6.9697519e+02   7.2853587e+02  -1.6845628e+02   3.4033207e-01
   6.7997030e+02   7.5260023e+02  -8.5058734e+01   2.6909216e-01
   6.6301169e+02   7.7654869e+02  -2.0407388e+01   1.4113036e-01
   6.4588501e+02   8.0105767e+02   9.0063409e+00   1.0497948e-01
   6.2784664e+02   8.2666123e+02   1.9079249e+01   1.0053969e-01
   6.0903061e+02   8.5377791e+02   2.2318915e+01   9.7915044e-02
   5.9076407e+02   8.7979832e+02   2.6985530e+01   1.0000556e-01
   5.7254917e+02   9.0579703e+02   2.8860562e+01   1.0180614e-01
   5.5547071e+02   9.3012294e+02   2.9860720e+01   1.0227051e-01
   5.3771561e+02   9.5541604e+02   2.8178471e+01   1.0105026e-01
   5.1980028e+02   9.8106211e+02   2.8558873e+01   9.9850316e-02
   5.0137302e+02   1.0073859e+03   2.8888268e+01   9.8370004e-02
   4.8292664e+02   1.0338614e+03   2.8280835e+01   9.8632137e-02
   4.6990928e+02   1.0529651e+03   1.9407553e+01   1.3559142e-01
   3.8434703e+02   9.8717862e+02   4.2689678e+01   2.1053042e-01
   4.0624365e+02   9.7022365e+02   6.4018637e+01   1.2180692e-01
   4.2714577e+02   9.4636205e+02   5.4233969e+01   9.5181975e-02
   4.4663902e+02   9.1843205e+02   5.2678451e+01   9.4710689e-02
   4.6630017e+02   8.8992610e+02   5.3800769e+01   9.3445631e-02
   4.8631988e+02   8.6186345e+02   5.2230460e+01   9.4858457e-02
   5.0621109e+02   8.3347643e+02   4.8675352e+01   9.8036477e-02
   5.2551180e+02   8.0587561e+02   4.1519681e+01   1.0574035e-01
   5.4544818e+02   7.7749677e+02   2.4938567e+01   1.6716348e-01
   5.6492803e+02   7.4935300e+02  -3.6805581e+01   2.9045553e-01
   5.8409187e+02   7.2154916e+02  -1.4212670e+02   3.6333009e-01
   6.0377663e+02   6.9400201e+02  -2.3852944e+02   1.1972499e-01
   6.2355300e+02   6.6609445e+02  -2.1638953e+02   2.9439119e-01
   6.4304241e+02   6.3815318e+02  -1.5590963e+02   1.3272656e-01
   6.6280381e+02   6.0995549e+02  -1.3923421e+02   1.5281137e-01
   6.8218871e+02   5.8254711e+02  -7.8976972e+01   2.5472544e-01
   7.0125861e+02   5.5524609e+02  -1.8611420e+01   1.1501307e-01
   7.2004891e+02   5.2865584e+02  -7.2101801e+00   1.3864844e-01
   7.3940222e+02   5.0066080e+02  -3.9925115e+01   1.7384371e-01
   7.5849451e+02   4.7310226e+02  -7.9486800e+01   1.0838799e-01
   7.7760426e+02   4.4587885e+02  -8.6517866e+01   1.4879821e-01
   7.9621382e+02   4.1937245e+02  -5.5983040e+01   1.9222982e-01
   8.1464391e+02   3.9320875e+02  -9.9914529e+00   1.7015862e-01
   8.3370954e+02   3.6617696e+02   2.6504911e+01   1.1312457e-01
   8.5255157e+02   3.3919983e+02   4.3187048e+01   9.5565386e-02
   8.7200721e+02   3.1142346e+02   4.8714140e+01   9.5309713e-02
   8.9139598e+02   2.8366675e+02   4.8994662e+01   9.5962024e-02
   9.1076225e+02   2.5602060e+02   4.9029337e+01   9.4848307e-02
   9.3004083e+02   2.2844165e+02   4.7398037e+01   9.4410329e-02
   9.4938866e+02   2.0053647e+02   4.6231517e+01   9.3820079e-02
   8.3803520e+02   1.7466802e+02  -2.8782362e-01   9.6931404e-02
   8.1939800e+02   2.0059922e+02   1.7631638e+00   9.8350553e-02
   8.0128847e+02   2.2656919e+02  -8.3657727e-01   1.0205304e-01
   7.8269338e+02   2.5337544e+02  -6.6224873e+00   1.0511525e-01
   7.6389567e+02   2.7959683e+02  -1.9577750e+01   1.3226372e-01
   7.4580791e+02   3.0603727e+02  -5.3715957e+01   1.7628678e-01
   7.2745530e+02   3.3201724e+02  -9.1557995e+01   1.0356537e-01
   7.0965203e+02   3.5739133e+02  -1.0137112e+02   1.1191809e-01
   6.9158109e+02   3.8330625e+02  -8.6437556e+01   1.1867085e-01
   6.7362401e+02   4.0897763e+02  -7.4567979e+01   1.4074154e-01
   6.5568115e+02   4.3441532e+02  -5.0804953e+01   1.3426464e-01
   6.3756491e+02   4.6029047e+02  -1.6456487e+01   1.3286037e-01
   6.1996096e+02   4.8557804e+02   6.8089338e+00   9.9987309e-02
   6.0164855e+02   5.1169798e+02   1.5491282e+01   1.0596277e-01
   5.8332381e+02   5.3781434e+02   1.1432575e+01   1.0067918e-01
   5.6533409e+02   5.6334991e+02   1.9881439e+01   1.1152047e-01
   5.4753910e+02   5.8829628e+02   4.2661924e+01   1.2375675e-01
   5.3053437e+02   6.1240895e+02   6.2909220e+01   1.1886226e-01
   5.1350532e+02   6.3680425e+02   7.4368703e+01   1.0927382e-01
   4.9584962e+02   6.6260634e+02   6.3543280e+01   1.0930257e-01
   4.7830117e+02   6.8738029e+02   5.4489418e+01   1.2876245e-01
   4.6055199e+02   7.1288921e+02   4.1380690e+01   1.0294979e-01
   4.4269097e+02   7.3824323e+02   3.7790460e+01   1.0370630e-01
   4.2490300e+02   7.6383195e+02   3.2177242e+01   1.0579210e-01
   4.0645792e+02   7.8995732e+02   2.8406015e+01   9.8916241e-02
   3.8808857e+02   8.1624249e+02   2.5282915e+01   9.8766177e-02
   3.6965569e+02   8.4282832e+02   2.3268659e+01   9.7997839e-02
   3.5129562e+02   8.6914368e+02   1.8187869e+01   1.0077474e-01
   3.3314425e+02   8.9492464e+02   1.8862510e+01   1.0294340e-01
   3.1549241e+02   9.2038870e+02   1.6591370e+01   1.0056753e-01
   3.0350273e+02   9.3738573e+02   8.5957298e+00   1.2921636e-01
   2.0541084e+02   3.8425104e+02   3.4011325e+01   1.5173206e-01
   2.2009983e+02   4.0240228e+02   3.9757421e+01   1.3698985e-01
   2.3250032e+02   4.0672885e+02   4.7215282e+01   1.0504638e-01
   2.6264715e+02   4.2588868e+02   4.6836645e+01   1.0419113e-01
   2.8201889e+02   4.4130362e+02   4.9492333e+01   1.0326715e-01
   3.0721095e+02   4.5686667e+02   4.9685414e+01   1.0041569e-01
   3.3280805e+02   4.7495111e+02   5.4546594e+01   1.0002921e-01
   3.5764527e+02   4.9277887e+02   6.1745167e+01   1.0219256e-01
   3.8275744e+02   5.1033271e+02   6.8714513e+01   9.8702409e-02
   4.0834248e+02   5.2849584e+02   7.3579850e+01   1.0512334e-01
   4.3343047e+02   5.4623261e+02   7.5627573e+01   1.0644962e-01
   4.5857937e+02   5.6404224e+02   7.0342705e+01   1.1055304e-01
   4.8345060e+02   5.8166593e+02   6.5485658e+01   1.2169165e-01
   5.0858423e+02   5.9926815e+02   6.1826708e+01   1.2062573e-01
   5.3362490e+02   6.1711678e+02   3.4985047e+01   2.2950378e-01
   5.5969945e+02   6.3551442e+02  -5.2060678e+01   4.1034332e-01
   5.8622759e+02   6.5420635e+02  -1.9164550e+02   3.0276120e-01
   6.1294993e+02   6.7305843e+02  -2.6253816e+02   1.6892526e-01
   6.3944630e+02   6.9173027e+02  -2.3144097e+02   2.0108811e-01
   6.6529741e+02   7.1001209e+02  -1.9040555e+02   1.8049318e-01
   6.9087492e+02   7.2797198e+02  -1.5088734e+02   1.3402902e-01
   7.1571647e+02   7.4543390e+02  -1.3214789e+02   1.0537538e-01
   7.4052857e+02   7.6316242e+02  -1.1929249e+02   1.2667233e-01
   7.6537739e+02   7.8075875e+02  -8.5795949e+01   1.4881978e-01
   7.9149823e+02   7.9911782e+02  -6.0258111e+01   1.0438277e-01
   8.1712201e+02   8.1714879e+02  -7.1788603e+01   1.2436882e-01
   8.4271696e+02   8.3543445e+02  -7.9233185e+01   1.1446820e-01
   8.6846904e+02   8.5398356e+02  -6.6341113e+01   1.0717273e-01
   8.9437051e+02   8.7164505e+02  -5.2313911e+01   1.2479853e-01
   9.2051664e+02   8.9013625e+02  -3.6851816e+01   1.2083380e-01
   9.4655631e+02   9.0855595e+02  -1.7071328e+01   1.1163435e-01
   9.7286059e+02   9.2738299e+02  -1.7307881e+00   1.0155588e-01
   9.9386088e+02   9.4201282e+02   8.9138814e+00   1.0165933e-01
   1.0672414e+03   8.6386616e+02  -3.3096755e+00   9.3077255e-02
   1.0675333e+03   8.4853097e+02  -4.9852366e+01   4.1304502e-01
   1.0430214e+03   8.4117569e+02  -8.2138503e+01   1.0028022e-01
   1.0158333e+03   8.2497342e+02  -8.3317272e+01   9.8900596e-02
   9.8845365e+02   8.0594063e+02  -8.3023480e+01   9.6622541e-02
   9.6112999e+02   7.8682417e+02  -8.2890189e+01   1.0065821e-01
   9.3505205e+02   7.6845083e+02  -7.4648639e+01   9.7908062e-02
   9.0908713e+02   7.5034165e+02  -6.2304230e+01   9.9510360e-02
   8.8264675e+02   7.3184799e+02  -5.0543567e+01   1.0776444e-01
   8.5669427e+02   7.1342697e+02  -4.3533099e+01   1.0299417e-01
   8.3016431e+02   6.9477151e+02  -3.8859340e+01   1.0191750e-01
   8.0394615e+02   6.7651604e+02  -3.9144381e+01   1.1175970e-01
   7.7705961e+02   6.5774833e+02  -4.5429131e+01   1.0219900e-01
   7.5103095e+02   6.3951567e+02  -5.0947139e+01   1.1079447e-01
   7.2464539e+02   6.2077825e+02  -8.5496231e+01   2.3661440e-01
   6.9688045e+02   6.0148254e+02  -1.5122387e+02   1.1722017e-01
   6.6929317e+02   5.8242708e+02  -1.4711776e+02   2.4734340e-01
   6.4213906e+02   5.6354287e+02  -8.9553476e+01   2.3169566e-01
   6.1527486e+02   5.4464199e+02  -4.7266099e+01   1.2210013e-01
   5.8741913e+02   5.2514411e+02  -1.3948944e+01   1.3982038e-01
   5.5994901e+02   5.0589347e+02   1.7491690e+01   1.1467481e-01
   5.3254386e+02   4.8676072e+02   4.8638278e+01   1.0135594e-01
   5.0508717e+02   4.6738585e+02   5.8737627e+01   1.0695765e-01
   4.7709549e+02   4.4767313e+02   4.8231157e+01   1.2392209e-01
   4.4933970e+02   4.2827355e+02   3.0386822e+01   1.0962722e-01
   4.2104134e+02   4.0855863e+02   1.7734398e+01   9.7792083e-02
   3.9261292e+02   3.8871354e+02   1.1137815e+01   9.4038162e-02
   3.6481680e+02   3.6919583e+02   6.8168508e+00   9.5273867e-02
   3.3655879e+02   3.4934369e+02   4.0003619e+00   9.4195678e-02
   3.0878549e+02   3.2978589e+02   1.7050865e+00   9.6360701e-02
   2.8093521e+02   3.1029813e+02  -4.4915629e-01   9.5126520e-02
   2.5745215e+02   2.9375868e+02  -1.6505518e-01   9.6899926e-02
   3.1488647e+02   1.9895931e+02   5.5250392e+01   1.1562382e-01
   3.3020663e+02   2.1616455e+02   5.1387902e+01   1.3273724e-01
   3.5281165e+02   2.3645319e+02   6.4195915e+01   1.0046755e-01
   3.7816204e+02   2.5456533e+02   6.7853201e+01   1.0174696e-01
   4.0367156e+02   2.7222207e+02   6.9203357e+01   1.0412661e-01
   4.2947198e+02   2.9039193e+02   6.4093261e+01   1.0953719e-01
   4.5533975e+02   3.0853503e+02   5.3406661e+01   1.1345970e-01
   4.8131905e+02   3.2678119e+02   3.7973558e+01   1.1477176e-01
   5.0737210e+02   3.4514595e+02   1.5872213e+01   1.1712882e-01
   5.3326212e+02   3.6313219e+02  -3.0860245e+00   1.0387474e-01
   5.5799715e+02   3.8050989e+02  -2.7755423e-01   1.0751736e-01
   5.8312820e+02   3.9818410e+02   4.5423846e+00   1.0717331e-01
   6.0873176e+02   4.1627635e+02  -5.8352310e+00   1.0705123e-01
   6.3489681e+02   4.3457666e+02  -1.1227138e+01   9.8776740e-02
   6.6122870e+02   4.5298969e+02  -1.5825965e+01   1.0326747e-01
   6.8755532e+02   4.7155722e+02  -3.1338534e+01   1.0016199e-01
   7.1402637e+02   4.8977959e+02  -3.7030661e+01   1.1885336e-01
   7.4010616e+02   5.0776831e+02  -2.1983535e+01   1.4190930e-01
   7.6541815e+02   5.2538077e+02   7.0980131e+00   1.5420338e-01
   7.9036568e+02   5.4318782e+02   3.7017606e+01   1.2389276e-01
   8.1622650e+02   5.6142027e+02   5.6683278e+01   1.2609865e-01
   8.4273182e+02   5.7997859e+02   6.1879402e+01   1.0637367e-01
   8.6938325e+02   5.9848060e+02   5.6738404e+01   1.1001772e-01
   8.9595724e+02   6.1710287e+02   4.9838743e+01   1.0190931e-01
   9.2217561e+02   6.3547011e+02   4.2974660e+01   1.0328156e-01
   9.4748304e+02   6.5331662e+02   3.8667438e+01   1.0150282e-01
   9.7279905e+02   6.7096866e+02   3.5088947e+01   1.0218560e-01
   9.9800123e+02   6.8871857e+02   3.3407544e+01   1.0130317e-01
   1.0237735e+03   7.0683772e+02   3.3065395e+01   9.8724741e-02
   1.0504456e+03   7.2533983e+02   3.3191202e+01   9.7671644e-02
   1.0771974e+03   7.4405191e+02   3.4570953e+01   9.8913970e-02
   1.1036760e+03   7.6244545e+02   3.7239943e+01   9.8881258e-02
   1.1220458e+03   7.7536017e+02   3.7912973e+01   1.1355576e-01
   1.0324722e+03   2.0880700e+02  -1.8996811e+01   1.1847986e-01
   1.0232840e+03   2.2236875e+02  -9.5517063e+00   1.0385279e-01
   1.0048216e+03   2.4841359e+02  -8.3599612e+00   1.0016595e-01
   9.8665428e+02   2.7456674e+02  -9.0222386e+00   1.0036292e-01
   9.6848917e+02   3.0061735e+02  -1.0101883e+01   1.0098059e-01
   9.5050031e+02   3.2622597e+02  -1.0858220e+01   1.0197035e-01
   9.3258744e+02   3.5180752e+02  -1.0528285e+01   1.0136649e-01
   9.1452587e+02   3.7763994e+02  -1.1115596e+01   1.0286886e-01
   8.9647702e+02   4.0352593e+02  -1.4896355e+01   1.1126161e-01
   8.7861587e+02   4.2906913e+02  -3.5024082e+01   1.3833463e-01
   8.6068737e+02   4.5456847e+02  -6.6677280e+01   1.2012211e-01
   8.4353446e+02   4.7893048e+02  -8.0767410e+01   1.2812451e-01
   8.2676866e+02   5.0279490e+02  -5.8112645e+01   1.6258243e-01
   8.1003827e+02   5.2675781e+02  -2.4578953e+01   1.2024434e-01
   7.9330997e+02   5.5065048e+02  -1.0859420e+01   1.1238923e-01
   7.7655097e+02   5.7478827e+02  -1.2059112e+01   1.1432775e-01
   7.5953773e+02   5.9933879e+02  -2.2251176e+01   1.4978413e-01
   7.4183305e+02   6.2478662e+02  -4.2519245e+01   1.6445915e-01
   7.2413645e+02   6.5024913e+02  -9.6882512e+01   2.9404942e-01
   7.0654405e+02   6.7554739e+02  -1.8453217e+02   1.6726469e-01
   6.8872675e+02   7.0066013e+02  -2.1469714e+02   1.9741795e-01
   6.7124059e+02   7.2539588e+02  -1.6878205e+02   2.9107558e-01
   6.5414619e+02   7.4941821e+02  -1.0543113e+02   2.0524321e-01
   6.3753921e+02   7.7291384e+02  -5.2832566e+01   1.7797353e-01
   6.2090925e+02   7.9697519e+02  -8.1272840e+00   1.1227407e-01
   6.0379180e+02   8.2147457e+02   8.4028372e+00   1.0553592e-01
   5.8670189e+02   8.4587887e+02   1.6665265e+01   1.0422942e-01
   5.6924997e+02   8.7087066e+02   1.8524803e+01   1.0865248e-01
   5.5144101e+02   8.9641939e+02   1.9333774e+01   1.0454124e-01
   5.3402466e+02   9.2103836e+02   2.0080015e+01   1.0682459e-01
   5.1639431e+02   9.4602209e+02   2.2005139e+01   1.0387389e-01
   4.9886059e+02   9.7110769e+02   2.2963045e+01   1.0281452e-01
   4.8126035e+02   9.9638947e+02   2.1688236e+01   1.0419329e-01
   4.6474406e+02   1.0200642e+03   2.1339990e+01   1.0480795e-01
   3.7892130e+02   9.6144308e+02   2.8299376e+01   1.9314791e-01
   3.9530349e+02   9.4384567e+02   6.2051600e+01   1.1881881e-01
   4.1837195e+02   9.2057467e+02   5.1129326e+01   9.4813502e-02
   4.3785165e+02   8.9250601e+02   5.1387393e+01   9.4973456e-02
   4.5755044e+02   8.6444347e+02   5.1709311e+01   9.5225119e-02
   4.7726883e+02   8.3649065e+02   5.0272359e+01   9.7604212e-02
   4.9673571e+02   8.0862770e+02   4.7266767e+01   1.0134195e-01
   5.1600193e+02   7.8108953e+02   3.8989632e+01   1.1708178e-01
   5.3577244e+02   7.5328982e+02   1.3220964e+01   2.1568949e-01
   5.5533385e+02   7.2506119e+02  -6.7591315e+01   3.7678579e-01
   5.7500361e+02   6.9709091e+02  -1.7403201e+02   1.6844698e-01
   5.9437462e+02   6.6921345e+02  -1.9373449e+02   1.4190156e-01
   6.1367258e+02   6.4194469e+02  -1.5971982e+02   2.1307655e-01
   6.3297809e+02   6.1444157e+02  -1.2531260e+02   1.2277739e-01
   6.5215376e+02   5.8697607e+02  -9.6323617e+01   2.0459810e-01
   6.7166056e+02   5.5908191e+02  -3.6405138e+01   1.5377345e-01
   6.9123655e+02   5.3146805e+02  -9.4106639e+00   1.0967709e-01
   7.1078386e+02   5.0350148e+02  -3.1296905e+01   1.8467205e-01
   7.3019755e+02   4.7553868e+02  -7.7958683e+01   1.3782460e-01
   7.4967520e+02   4.4789489e+02  -1.0530003e+02   1.4172667e-01
   7.6916725e+02   4.1983261e+02  -8.4727635e+01   1.6556804e-01
   7.8873403e+02   3.9251467e+02  -4.9918514e+01   2.1583034e-01
   8.0754990e+02   3.6536194e+02  -3.2200915e+00   1.5900703e-01
   8.2655207e+02   3.3815392e+02   3.2757194e+01   1.0354961e-01
   8.4586175e+02   3.1044565e+02   4.5248278e+01   9.5737447e-02
   8.6538543e+02   2.8268380e+02   4.5695004e+01   9.6830408e-02
   8.8500749e+02   2.5464257e+02   4.6347694e+01   9.4736605e-02
   9.0467580e+02   2.2648677e+02   4.4720772e+01   9.5603992e-02
   9.2432467e+02   1.9846287e+02   4.4018378e+01   9.4772186e-02
   9.4391877e+02   1.7031650e+02   4.3184425e+01   9.4595864e-02
   8.5016897e+02   1.1567207e+02   5.8923394e+00   1.3771828e-01
   8.3279953e+02   1.4203057e+02   1.7125616e+00   1.0020955e-01
   8.1446977e+02   1.6766187e+02   2.4499057e+00   1.0122274e-01
   7.9628623e+02   1.9377860e+02   1.6418173e+00   1.0018284e-01
   7.7810157e+02   2.1981810e+02   3.9813362e-01   1.0042349e-01
   7.5991553e+02   2.4597190e+02  -6.5182711e+00   1.0560795e-01
   7.4161393e+02   2.7190213e+02  -1.7207452e+01   1.1317038e-01
   7.2329663e+02   2.9787347e+02  -3.6396664e+01   1.1780034e-01
   7.0503050e+02   3.2414690e+02  -5.0900287e+01   1.0196012e-01
   6.8687913e+02   3.4978670e+02  -5.3938407e+01   1.0242271e-01
   6.6875207e+02   3.7588443e+02  -5.9068322e+01   9.9467615e-02
   6.5053613e+02   4.0179500e+02  -5.8620085e+01   1.3362254e-01
   6.3280613e+02   4.2739847e+02  -3.2966378e+01   1.7081937e-01
   6.1491530e+02   4.5262417e+02   5.3980240e+00   1.2464327e-01
   5.9685363e+02   4.7848430e+02   3.1619322e+01   1.0454409e-01
   5.7845970e+02   5.0497067e+02   4.2742687e+01   1.0223183e-01
   5.6020863e+02   5.3091540e+02   4.3456604e+01   1.0315244e-01
   5.4220063e+02   5.5621330e+02   5.3059667e+01   1.0632348e-01
   5.2438933e+02   5.8164470e+02   6.5011793e+01   1.0823927e-01
   5.0704770e+02   6.0618550e+02   7.4355301e+01   1.0470601e-01
   4.8987870e+02   6.3100057e+02   7.5757930e+01   1.0431811e-01
   4.7231313e+02   6.5574090e+02   6.8982857e+01   1.0905775e-01
   4.5473647e+02   6.8099880e+02   5.5225727e+01   1.1239963e-01
   4.3661653e+02   7.0708183e+02   4.3991274e+01   1.0162455e-01
   4.1875443e+02   7.3239980e+02   3.8990082e+01   1.0521183e-01
   4.0057173e+02   7.5866130e+02   3.3799605e+01   1.0033455e-01
   3.8222913e+02   7.8460787e+02   3.0752402e+01   1.0160132e-01
   3.6399623e+02   8.1101073e+02   2.6845989e+01   9.9478510e-02
   3.4553177e+02   8.3714750e+02   2.0658831e+01   1.0081652e-01
   3.2778907e+02   8.6249703e+02   1.5249547e+01   1.0511234e-01
   3.1003350e+02   8.8765453e+02   1.2689293e+01   1.0306721e-01
   2.9964460e+02   9.0279800e+02  -1.7823723e+00   1.1656547e-01
   2.3911204e+02   3.2546872e+02   3.2871514e+01   9.9419661e-02
   2.5390811e+02   3.3378171e+02   2.8154794e+01   1.1975100e-01
   2.6763173e+02   3.4876769e+02   3.2816032e+01   1.2383713e-01
   2.7485877e+02   3.5467119e+02   3.8246348e+01   1.0539642e-01
   2.8907921e+02   3.6417825e+02   4.0887930e+01   1.0748098e-01
   3.0644541e+02   3.7420291e+02   4.3032166e+01   1.0682441e-01
   3.3085179e+02   3.8987632e+02   4.5402644e+01   1.0333344e-01
   3.5589869e+02   4.0704517e+02   4.9948198e+01   1.0395043e-01
   3.8091203e+02   4.2439359e+02   5.8570028e+01   1.0832603e-01
   4.0564296e+02   4.4183289e+02   7.1090116e+01   1.0924155e-01
   4.3057503e+02   4.5929424e+02   8.6962184e+01   1.1000849e-01
   4.5548579e+02   4.7694365e+02   1.0112843e+02   1.0323964e-01
   4.8062089e+02   4.9450221e+02   1.0188757e+02   1.3173381e-01
   5.0583541e+02   5.1208987e+02   7.8797216e+01   1.5843244e-01
   5.3065566e+02   5.2957247e+02   4.5269631e+01   1.7160263e-01
   5.5478786e+02   5.4631997e+02   1.4563267e+01   1.5840607e-01
   5.7831171e+02   5.6280923e+02  -2.6103122e+01   1.9662025e-01
   6.0204601e+02   5.7981073e+02  -8.6213189e+01   2.0350640e-01
   6.2630541e+02   5.9694053e+02  -1.4635708e+02   1.2291100e-01
   6.5118243e+02   6.1449329e+02  -1.6208224e+02   1.2789126e-01
   6.7576248e+02   6.3137788e+02  -1.4489127e+02   1.8438606e-01
   7.0026612e+02   6.4887387e+02  -1.1323454e+02   1.2617474e-01
   7.2484469e+02   6.6640283e+02  -9.4115752e+01   1.2409810e-01
   7.4946146e+02   6.8368817e+02  -7.0766069e+01   1.2599217e-01
   7.7474624e+02   7.0115103e+02  -4.9952564e+01   1.0619166e-01
   7.9935427e+02   7.1819343e+02  -3.7386458e+01   1.0775647e-01
   8.2382176e+02   7.3587363e+02  -3.1458529e+01   1.0466861e-01
   8.4907958e+02   7.5351296e+02  -3.8386274e+01   1.1874077e-01
   8.7374757e+02   7.7101100e+02  -5.4562677e+01   1.1139218e-01
   8.9945527e+02   7.8902083e+02  -6.8709361e+01   1.0168966e-01
   9.2491091e+02   8.0684464e+02  -6.9419972e+01   1.0678269e-01
   9.4972361e+02   8.2438724e+02  -6.2243835e+01   1.1948104e-01
   9.7496073e+02   8.4231383e+02  -4.4067417e+01   1.1488278e-01
   1.1311970e+03   7.9157452e+02  -2.7801524e+01   1.5985301e-01
   1.0998703e+03   7.8205040e+02  -2.9054734e+01   9.5711812e-02
   1.0708061e+03   7.6216049e+02  -2.7758040e+01   9.3542172e-02
   1.0422521e+03   7.4192607e+02  -2.5884626e+01   9.4171161e-02
   1.0135617e+03   7.2174722e+02  -2.3186328e+01   9.3660136e-02
   9.8497977e+02   7.0154068e+02  -1.9988049e+01   9.2967664e-02
   9.5657803e+02   6.8141552e+02  -1.7095874e+01   9.4152092e-02
   9.2803984e+02   6.6149226e+02  -1.2654866e+01   9.4828137e-02
   8.9953013e+02   6.4162393e+02  -7.2044029e+00   9.4474656e-02
   8.7099365e+02   6.2165480e+02  -8.7798100e-01   9.8783566e-02
   8.4254356e+02   6.0173333e+02   4.1948264e+00   9.5783917e-02
   8.1425917e+02   5.8184519e+02  -8.6971692e-01   1.1537876e-01
   7.8566103e+02   5.6179083e+02  -1.9131738e+01   1.2292027e-01
   7.5706638e+02   5.4171148e+02  -4.6713995e+01   1.4293838e-01
   7.2823457e+02   5.2151175e+02  -7.2814209e+01   9.3743153e-02
   6.9951265e+02   5.0127348e+02  -7.7720609e+01   1.2474545e-01
   6.7095620e+02   4.8141677e+02  -6.1017500e+01   1.1511022e-01
   6.4235605e+02   4.6142859e+02  -4.8029855e+01   9.3150239e-02
   6.1404389e+02   4.4149112e+02  -4.4419586e+01   9.3498995e-02
   5.8582319e+02   4.2159587e+02  -3.6172311e+01   9.2914685e-02
   5.5705125e+02   4.0134976e+02  -3.6903906e+01   9.8909613e-02
   5.2828274e+02   3.8115757e+02  -3.9433921e+01   1.0256940e-01
   4.9962751e+02   3.6109605e+02  -1.5613588e+01   1.1601943e-01
   4.7112432e+02   3.4135411e+02   1.5006915e-01   1.0012442e-01
   4.4262351e+02   3.2155464e+02   1.4525120e+01   9.4885841e-02
   4.1421842e+02   3.0137227e+02   2.3018810e+01   9.5009979e-02
   3.8610968e+02   2.8190935e+02   2.3927637e+01   9.6461642e-02
   3.5852189e+02   2.6241871e+02   2.0467685e+01   9.6732151e-02
   3.3140237e+02   2.4341046e+02   1.6412011e+01   9.6388064e-02
   3.8900856e+02   1.4846133e+02   5.7227871e+01   1.1981702e-01
   4.0637421e+02   1.7125836e+02   7.2308401e+01   1.0351753e-01
   4.3098255e+02   1.8859105e+02   7.1269471e+01   1.0587800e-01
   4.5549315e+02   2.0566847e+02   7.2800085e+01   1.0496030e-01
   4.8050464e+02   2.2317219e+02   6.9003770e+01   1.1038524e-01
   5.0589703e+02   2.4108942e+02   5.8418549e+01   1.1819589e-01
   5.3066364e+02   2.5828175e+02   4.1389399e+01   1.2902603e-01
   5.5561406e+02   2.7593064e+02   1.7216180e+01   1.1651888e-01
   5.8057331e+02   2.9331504e+02   7.7330323e+00   1.0529325e-01
   6.0422045e+02   3.0991012e+02   3.3738728e+00   1.0556788e-01
   6.2805073e+02   3.2675203e+02   2.2460777e+00   1.0805948e-01
   6.5273713e+02   3.4418171e+02  -7.2808968e+00   1.2683222e-01
   6.7799463e+02   3.6194178e+02  -3.2060395e+01   1.5176932e-01
   7.0356715e+02   3.7982918e+02  -7.1643632e+01   1.3866178e-01
   7.2889916e+02   3.9739690e+02  -1.0273747e+02   1.0580252e-01
   7.5387737e+02   4.1480049e+02  -1.0167719e+02   1.2900269e-01
   7.7905379e+02   4.3261231e+02  -8.4206187e+01   1.2782923e-01
   8.0392535e+02   4.4999334e+02  -6.5447477e+01   1.3237296e-01
   8.2812521e+02   4.6719025e+02  -3.8394569e+01   1.3262702e-01
   8.5345374e+02   4.8497174e+02  -1.0786884e+01   1.2904741e-01
   8.7883713e+02   5.0264746e+02   1.9116767e+01   1.4198023e-01
   9.0385713e+02   5.2014080e+02   5.1292207e+01   1.1060685e-01
   9.2893615e+02   5.3778007e+02   6.7306136e+01   1.0364095e-01
   9.5366482e+02   5.5515417e+02   6.7351047e+01   1.0651336e-01
   9.7816079e+02   5.7231685e+02   6.2356513e+01   1.0653852e-01
   1.0024833e+03   5.8939316e+02   5.7409952e+01   1.0551991e-01
   1.0269466e+03   6.0661793e+02   5.3866330e+01   1.0481816e-01
   1.0514885e+03   6.2382737e+02   5.1382043e+01   1.0481513e-01
   1.0761756e+03   6.4121621e+02   4.9931322e+01   1.0234577e-01
   1.1017561e+03   6.5914557e+02   5.0171063e+01   1.0075508e-01
   1.1277533e+03   6.7726396e+02   5.0158940e+01   1.0007221e-01
   1.1538734e+03   6.9556443e+02   5.0508393e+01   1.0041538e-01
   1.1794091e+03   7.1354351e+02   5.0756875e+01   1.0159392e-01
   1.0295902e+03   2.4357875e+02  -3.4378360e+00   1.0289176e-01
   1.0129682e+03   2.6629846e+02  -3.4642597e+00   9.7333815e-02
   9.9387469e+02   2.9371540e+02  -4.0438083e+00   9.7701890e-02
   9.7479343e+02   3.2103391e+02  -5.2033836e+00   9.7941544e-02
   9.5577892e+02   3.4819987e+02  -5.3540373e+00   9.8023246e-02
   9.3690279e+02   3.7540121e+02  -5.6609600e+00   9.8124064e-02
   9.1787187e+02   4.0255280e+02  -7.2241574e+00   1.0227311e-01
   8.9889836e+02   4.2974707e+02  -1.9804756e+01   1.2477426e-01
   8.7980356e+02   4.5677493e+02  -4.6158535e+01   1.2062067e-01
   8.6139227e+02   4.8320764e+02  -6.5252966e+01   1.1504934e-01
   8.4327705e+02   5.0911947e+02  -4.1687031e+01   1.6864960e-01
   8.2525873e+02   5.3491653e+02  -8.2769128e+00   1.0947559e-01
   8.0722464e+02   5.6070723e+02   2.1117734e+00   1.0661902e-01
   7.8911559e+02   5.8670760e+02  -5.0064390e-01   1.1637892e-01
   7.7071523e+02   6.1322261e+02  -1.2257835e+01   1.4425835e-01
   7.5185836e+02   6.4037609e+02  -3.8848395e+01   1.9862420e-01
   7.3294826e+02   6.6753550e+02  -1.1410015e+02   3.2323208e-01
   7.1404759e+02   6.9454357e+02  -1.9874594e+02   1.1590056e-01
   6.9457311e+02   7.2166128e+02  -1.9727862e+02   3.0985661e-01
   6.7606297e+02   7.4799707e+02  -1.1586427e+02   3.1864295e-01
   6.5790497e+02   7.7379164e+02  -3.9749134e+01   1.7442819e-01
   6.3974114e+02   7.9974291e+02  -1.5148201e+00   1.0796287e-01
   6.2124343e+02   8.2642457e+02   1.2480293e+01   1.0005962e-01
   6.0197491e+02   8.5447467e+02   1.4796800e+01   9.6574908e-02
   5.8240740e+02   8.8208259e+02   2.2131402e+01   9.7765524e-02
   5.6306037e+02   9.0980072e+02   2.4157684e+01   9.8067562e-02
   5.4385950e+02   9.3721153e+02   2.4962937e+01   9.7841544e-02
   5.2501123e+02   9.6441991e+02   2.6402567e+01   9.8645858e-02
   5.0586399e+02   9.9184605e+02   2.7420621e+01   9.6408652e-02
   4.8631631e+02   1.0195920e+03   2.8157737e+01   9.5944931e-02
   4.6883392e+02   1.0446399e+03   2.6172256e+01   1.0038954e-01
   3.8077413e+02   9.8833966e+02   3.2613371e+01   1.9366234e-01
   3.9552983e+02   9.7275049e+02   6.7963849e+01   1.2235722e-01
   4.1662072e+02   9.5138264e+02   5.7207653e+01   1.0062864e-01
   4.3479529e+02   9.2552687e+02   5.6550503e+01   1.0120522e-01
   4.5296118e+02   8.9985899e+02   5.8335162e+01   1.0063897e-01
   4.7088721e+02   8.7398066e+02   6.0485779e+01   1.0146305e-01
   4.8890927e+02   8.4829591e+02   5.7962703e+01   1.0557360e-01
   5.0677204e+02   8.2289536e+02   5.3218602e+01   1.0791478e-01
   5.2460028e+02   7.9722856e+02   4.6588746e+01   1.1929655e-01
   5.4282023e+02   7.7146173e+02   2.2877417e+01   2.2735567e-01
   5.6036303e+02   7.4594081e+02  -3.5261436e+01   3.0215175e-01
   5.7849951e+02   7.2005179e+02  -1.3685243e+02   3.5292325e-01
   5.9685495e+02   6.9413297e+02  -2.3299158e+02   1.1944821e-01
   6.1518691e+02   6.6794535e+02  -2.2075014e+02   2.9066351e-01
   6.3375567e+02   6.4152186e+02  -1.5306524e+02   1.6700619e-01
   6.5243294e+02   6.1508638e+02  -1.3086505e+02   1.1836202e-01
   6.7071594e+02   5.8870097e+02  -8.8682624e+01   2.4095467e-01
   6.8926243e+02   5.6255805e+02  -2.6381649e+01   1.3504316e-01
   7.0769629e+02   5.3641122e+02   1.0784755e+00   1.0979755e-01
   7.2605951e+02   5.1020853e+02  -1.8546614e+01   1.7342792e-01
   7.4440245e+02   4.8360339e+02  -6.0079449e+01   1.5004507e-01
   7.6288404e+02   4.5774264e+02  -8.4446682e+01   1.1370591e-01
   7.8099913e+02   4.3113255e+02  -6.8222449e+01   1.6215706e-01
   7.9937350e+02   4.0535540e+02  -3.2221155e+01   2.0146279e-01
   8.1768887e+02   3.7922392e+02   1.1887815e+01   1.4216700e-01
   8.3602242e+02   3.5323331e+02   4.2081133e+01   1.0787376e-01
   8.5457222e+02   3.2668136e+02   5.1201427e+01   9.9089441e-02
   8.7337608e+02   2.9981864e+02   5.2992255e+01   1.0077276e-01
   8.9198230e+02   2.7316159e+02   5.2979919e+01   1.0000584e-01
   9.1053721e+02   2.4662369e+02   5.2544714e+01   9.9749974e-02
   9.2905713e+02   2.2003757e+02   5.1887566e+01   9.9776570e-02
   9.4769167e+02   1.9340163e+02   5.0829675e+01   1.0066344e-01
   8.4821456e+02   1.4962489e+02   1.4118839e+01   1.2663176e-01
   8.2985534e+02   1.7802764e+02   8.2102202e+00   9.6581754e-02
   8.1055515e+02   2.0508315e+02   9.6876299e+00   9.9418732e-02
   7.9172103e+02   2.3238391e+02   5.1903530e+00   1.0233055e-01
   7.7258036e+02   2.5955235e+02  -1.5723524e+00   1.1193874e-01
   7.5360863e+02   2.8681622e+02  -2.3088985e+01   1.4595563e-01
   7.3463017e+02   3.1397824e+02  -6.4049204e+01   1.4225506e-01
   7.1572717e+02   3.4067798e+02  -8.5371366e+01   1.0787556e-01
   6.9702355e+02   3.6755563e+02  -7.9771582e+01   1.2064061e-01
   6.7795177e+02   3.9472227e+02  -6.7020971e+01   1.1202342e-01
   6.5928509e+02   4.2151306e+02  -4.6559220e+01   1.5091659e-01
   6.4050430e+02   4.4824858e+02  -1.0526386e+01   1.4707012e-01
   6.2201977e+02   4.7455816e+02   1.8419064e+01   1.0374439e-01
   6.0308673e+02   5.0168661e+02   2.9657880e+01   9.8982980e-02
   5.8385922e+02   5.2917741e+02   2.6752285e+01   9.9621874e-02
   5.6469750e+02   5.5607830e+02   3.4577220e+01   1.0662677e-01
   5.4565668e+02   5.8300740e+02   5.6420741e+01   1.2679510e-01
   5.2712793e+02   6.0920941e+02   7.8985991e+01   1.1254900e-01
   5.0857899e+02   6.3606564e+02   9.0379815e+01   9.9706926e-02
   4.8929485e+02   6.6405634e+02   8.1699581e+01   1.0115548e-01
   4.6978663e+02   6.9154313e+02   6.8783350e+01   1.0803000e-01
   4.5012431e+02   7.1988215e+02   5.6870212e+01   9.6770156e-02
   4.3077515e+02   7.4758203e+02   5.0750625e+01   9.9056831e-02
   4.1137429e+02   7.7582236e+02   4.3194329e+01   9.6043658e-02
   3.9131353e+02   8.0414727e+02   3.9718288e+01   9.7456531e-02
   3.7145979e+02   8.3252280e+02   3.7008198e+01   9.5676939e-02
   3.5188541e+02   8.6040393e+02   3.3781438e+01   9.6651591e-02
   3.3234505e+02   8.8826835e+02   3.3332515e+01   9.8891487e-02
   3.1316513e+02   9.1552607e+02   3.3135956e+01   9.6585791e-02
   3.0222957e+02   9.3142390e+02   2.4073600e+01   1.2446145e-01
   1.0349159e+02   3.3459144e+02   5.0529952e+01   1.3689834e-01
   1.1406733e+02   3.5987668e+02   5.4777125e+01   1.3057771e-01
   1.3714778e+02   3.7870153e+02   6.1054773e+01   1.0226826e-01
   1.6147245e+02   3.9479954e+02   6.1239182e+01   1.0295206e-01
   1.8630888e+02   4.1153956e+02   6.1235992e+01   1.0081688e-01
   2.1149952e+02   4.2843789e+02   6.3010651e+01   1.0098233e-01
   2.3702541e+02   4.4573698e+02   6.4522831e+01   1.0107971e-01
   2.6262176e+02   4.6327915e+02   6.7440518e+01   1.0159633e-01
   2.8829433e+02   4.8081619e+02   7.0768920e+01   1.0121579e-01
   3.1375719e+02   4.9830064e+02   7.4548937e+01   1.0187720e-01
   3.3922901e+02   5.1573475e+02   7.8844870e+01   1.0156814e-01
   3.6492103e+02   5.3334927e+02   8.2329994e+01   1.0148443e-01
   3.9046176e+02   5.5081932e+02   8.4286826e+01   1.0226755e-01
   4.1617471e+02   5.6846905e+02   8.3151554e+01   1.0401778e-01
   4.4145949e+02   5.8584882e+02   8.4131055e+01   1.0255032e-01
   4.6649568e+02   6.0301153e+02   8.8224504e+01   1.0326972e-01
   4.9136619e+02   6.1991717e+02   9.0370194e+01   1.1456627e-01
   5.1633212e+02   6.3698657e+02   7.4888911e+01   2.0304681e-01
   5.4180763e+02   6.5452229e+02   3.5226244e+00   4.0778589e-01
   5.6760294e+02   6.7220722e+02  -1.3115404e+02   3.1228955e-01
   5.9271660e+02   6.8929215e+02  -2.1761125e+02   1.2429198e-01
   6.1779667e+02   7.0642575e+02  -2.0367795e+02   2.8668956e-01
   6.4268075e+02   7.2346652e+02  -1.5146949e+02   1.9350312e-01
   6.6697321e+02   7.4030709e+02  -1.0854037e+02   1.5104455e-01
   6.9155475e+02   7.5742383e+02  -8.0885822e+01   1.2248931e-01
   7.1630783e+02   7.7440106e+02  -6.9166034e+01   1.0666900e-01
   7.4034143e+02   7.9097273e+02  -5.4321215e+01   1.1858688e-01
   7.6416641e+02   8.0743905e+02  -3.4298406e+01   1.0875346e-01
   7.8849454e+02   8.2413952e+02  -2.8381550e+01   1.1098257e-01
   8.1400110e+02   8.4156959e+02  -4.0896337e+01   1.0759565e-01
   8.3892879e+02   8.5868776e+02  -4.2214088e+01   1.1464121e-01
   8.6482237e+02   8.7631011e+02  -3.3827543e+01   1.1319450e-01
   8.8933522e+02   8.9308771e+02  -1.9007333e+01   1.2637601e-01
   9.1483539e+02   9.1063323e+02  -4.0243068e+00   1.1595944e-01
   9.4057241e+02   9.2825910e+02   1.0761158e+01   1.0795618e-01
   1.0191913e+03   8.4019897e+02  -2.4549812e+01   1.1782533e-01
   1.0110890e+03   8.2651887e+02  -7.9541068e+01   2.2137802e-01
   9.8172190e+02   8.1859515e+02  -8.6701917e+01   9.5123363e-02
   9.5441123e+02   7.9994845e+02  -9.0512802e+01   9.6038336e-02
   9.2667056e+02   7.8054913e+02  -8.4432014e+01   1.1157391e-01
   8.9844923e+02   7.6084944e+02  -6.7080260e+01   1.2030553e-01
   8.7059151e+02   7.4151787e+02  -5.2078009e+01   1.1839917e-01
   8.4389401e+02   7.2284520e+02  -4.2405229e+01   9.7112630e-02
   8.1584607e+02   7.0304757e+02  -4.3993748e+01   1.0011024e-01
   7.8800787e+02   6.8380454e+02  -4.7843856e+01   1.1209372e-01
   7.5983640e+02   6.6399361e+02  -5.9127365e+01   9.6913937e-02
   7.3192195e+02   6.4456339e+02  -7.6374871e+01   1.3898938e-01
   7.0362844e+02   6.2459349e+02  -1.3085987e+02   2.1042259e-01
   6.7531981e+02   6.0504646e+02  -1.7884750e+02   1.4212983e-01
   6.4747895e+02   5.8548674e+02  -1.4065606e+02   2.2056340e-01
   6.2005589e+02   5.6639767e+02  -8.1565736e+01   1.7933050e-01
   5.9238247e+02   5.4683533e+02  -3.6821738e+01   1.8754126e-01
   5.6446596e+02   5.2731257e+02   5.4319492e+00   1.2686109e-01
   5.3613197e+02   5.0740189e+02   4.1562984e+01   1.1245962e-01
   5.0770527e+02   4.8754689e+02   6.4776560e+01   9.4292491e-02
   4.7983939e+02   4.6795393e+02   6.3477941e+01   1.1912902e-01
   4.5190485e+02   4.4827645e+02   4.5443491e+01   1.1969721e-01
   4.2361517e+02   4.2856051e+02   2.8877381e+01   1.0355135e-01
   3.9527019e+02   4.0865044e+02   1.7259001e+01   9.7973423e-02
   3.6697019e+02   3.8891771e+02   1.0138876e+01   9.4899661e-02
   3.3915348e+02   3.6937971e+02   5.6925650e+00   9.4973173e-02
   3.1129659e+02   3.5000858e+02   3.1606445e+00   9.4218210e-02
   2.8332859e+02   3.3029205e+02  -1.2949817e-01   9.4757055e-02
   2.5574702e+02   3.1088044e+02  -1.9413991e+00   9.6758340e-02
   2.2788648e+02   2.9155391e+02  -4.8199748e+00   9.5222176e-02
   2.0495786e+02   2.7553159e+02  -3.5128740e+00   1.1077677e-01
